id,title,username,language,date,content
LfnXu0V9,data792,TestGuy1,JSON,Sunday 24th of December 2023 06:00:07 AM CDT,"{
  status: 'Success',
  method: 'server',
  maindata: 'ee349f068a20616bfac7c59570cf49593fc3f471c103bb10a5795ba11d9656d71003e8969d22ff5c553b128b759dab28cdac96c4b0252674412c7304e0629be8394439820e406773b06ce7a8d85eda12ff598fd75763c2ce9f950485c70458b9ee400ac0011490fa817873b81ee85d3563352a5f6756b7e24888f75e45d8ed9c',
  otherdata: [
    '579ba02786d31a9d4101175d9dea8e98',
    '9abf2feccfff161e9d07aca09c5cffb2',
    '2b6d91d751653618cf31b654988b4b8a',
    '673b6ae7efa3a2a7faa6b32dbb78bc78',
    'baa3ddb22922f2ea8c3c89af1404704a',
    '51218397ee6b2f8cac7577799db5b89d',
    '04479995a98ed2b3cfcf9522f800aab3',
    '2cdd2b014f40c89e9d5937c302723f71'
  ]
}"
qZvxrGTG,Untitled,ProgMe,C++,Sunday 24th of December 2023 05:48:37 AM CDT,"#include <bits/stdc++.h>
#define int int64_t

#pragma GCC optimize(""O3"")

using namespace std;

inline int sqr(int x) {
    return x * x;
}

inline int dist(pair<int, int> x, pair<int, int> y) {
    return sqrt(sqr(x.first - y.first) + sqr(x.second - y.second));
}

inline int bruteSolution(vector<pair<int, int>>& v) {
    int ans = LLONG_MAX;
    for (int i = 0; i < v.size(); i++) {
        for (int j = i + 1; j < v.size() && j - i < 4; j++) {
            ans = min(ans, dist(v[i], v[j]));
        }
    }
    return ans;
}

int calculateAnswer(vector<pair<int, int>>& v, int l, int r) {
    if (l == r) {
        return LLONG_MAX;
    }

    int m = (l + r) / 2;
    int middle_x = v[m].first;

    int answer = min(calculateAnswer(v, l, m), calculateAnswer(v, m + 1, r));

    for (int i = l, j = m + 1; i <= m && j <= r;) {
        if (v[i] <= v[j]) {
            i++;
        } else {
            swap(v[i], v[j++]);
        }
    }

    vector<pair<int, int>> check;

    for (int i = l; i <= r; i++) {
        if (abs(v[i].first - middle_x) <= answer) {
            check.push_back(v[i]);
        }
    }

    return min(answer, bruteSolution(check));
}

int32_t main() {
    ios::sync_with_stdio(false);
    cin.tie(nullptr);

    vector<pair<int, int>> pts;

    int x, y;
    while (cin >> x >> y) {
        pts.emplace_back(x, y);
    }
    sort(pts.begin(), pts.end());

    cout << calculateAnswer(pts, 0, pts.size() - 1);
}
"
9dT19V7j,fbtc maybe errors,coinwalk,JavaScript,Sunday 24th of December 2023 05:44:07 AM CDT,"var oldestbal = parseFloat(document.getElementById('balance').innerHTML);
var james = oldestbal;
var junky = oldestbal;
var bear = true;
var base = (oldestbal/80); 
var bellance = oldestbal;
var botplus = base;
var trget = parseFloat(oldestbal);
var tens = (base*10);
var sevens = (base*6.9);
var eights  = (base*7.1)
var floatingbal = 0;
var betnext = ((botplus*1).toFixed(8));
var fart = 1;
 
 function getR(minz, maxz) {
  minz = Math.ceil(minz);
  maxz = Math.floor(maxz);
  return Math.floor(Math.random() * (maxz - minz + 1)) + minz;
}
 
function makeid(length) {
    var result = '';
    var cha = 'ABCDEFGHIJKLMNOPQRSTUVWXYZabcdefghijklmnopqrstuvwxyz0123456789';
    var chaLength = cha.length;
    for ( var ion = 0; ion < length; ion++ ){
      result += cha.charAt(Math.floor(Math.random() *
 chaLength));
   }
   return result;
} 
 
function bogus(){
bellance = document.getElementById('balance').innerHTML;
if ((bellance>(((Math.floor(bellance/tens))*tens)+sevens))&&(bellance<(((Math.floor(bellance/tens))*tens)+eights))&&(bellance!=floatingbal)) {
     botplus = botplus*2;   
     fart = 1; 
     floatingbal  = parseFloat(bellance);
}
if (((bellance-(james-tens))-(botplus*2))<=0)&&(bellance<(((Math.floor(bellance/tens))*tens)+sevens))){
    botplus = base; 
    fart = 2;
    floatingbal = 0;  
}
if (((botplus*2)>=tens)&&(bellance<(((Math.floor(bellance/tens))*tens)+sevens))){
    botplus = base;
    floatingbal = 0;
    fart = 1;
    james = ((Math.floor(bellance/tens))*tens);
}
if (bellance<=(james-(tens))){
    james = ((Math.floor(bellance/tens))*tens);
    botplus = base; 
    fart = 1;
    floatingbal = 0;
}
return ((botplus*1).toFixed(8));
} 

var myseed;
 
function go() {
var xol = getR(1,3);
if (xol==1) {
myseed = (makeid(5));
}
if (xol==2) {
myseed = (makeid(7));
}
if (xol==3) {
myseed = (makeid(9));
}
var xox = document.getElementById('balance').innerHTML;
if ((xox==junky)&&(bear)){
document.getElementById('next_client_seed').value = myseed;
parseFloat(document.getElementById('double_your_btc_stake').value = bogus());
parseFloat(document.getElementById('win_amount').innerHTML = bogus());
document.getElementById('double_your_btc_bet_lo_button').click();
bear = false;
}
if ((xox!=junky)&&(!bear)){
junky = parseFloat(xox);
bear = true;
}
if (xox>=(oldestbal*24)) {
return;
}
setTimeout(() => go(), 1);
}
go();"
G9Kp0U3z,fbtc without test,coinwalk,JavaScript,Sunday 24th of December 2023 05:42:04 AM CDT,"var oldestbal = parseFloat(document.getElementById('balance').innerHTML);
var james = oldestbal;
var base = (oldestbal/80); 
var bellance = oldestbal;
var botplus = base;
var trget = parseFloat(oldestbal);
var tens = (base*10);
var sevens = (base*6.9);
var eights  = (base*7.1)
var floatingbal = 0;
var betnext = ((botplus*1).toFixed(8));
var fart = 1;
 
 function getR(minz, maxz) {
  minz = Math.ceil(minz);
  maxz = Math.floor(maxz);
  return Math.floor(Math.random() * (maxz - minz + 1)) + minz;
}
 
function makeid(length) {
    var result = '';
    var cha = 'ABCDEFGHIJKLMNOPQRSTUVWXYZabcdefghijklmnopqrstuvwxyz0123456789';
    var chaLength = cha.length;
    for ( var ion = 0; ion < length; ion++ ){
      result += cha.charAt(Math.floor(Math.random() *
 chaLength));
   }
   return result;
} 
 
function bogus(){
bellance = document.getElementById('balance').innerHTML;
if ((bellance>(((Math.floor(bellance/tens))*tens)+sevens))&&(bellance<(((Math.floor(bellance/tens))*tens)+eights))&&(bellance!=floatingbal)) {
     botplus = botplus*2;   
     fart = 1; 
     floatingbal  = parseFloat(bellance);
}
if (((bellance-(james-tens))-(botplus*2))<=0)&&(bellance<(((Math.floor(bellance/tens))*tens)+sevens))){
    botplus = base; 
    fart = 2;
    floatingbal = 0;  
}
if (((botplus*2)>=tens)&&(bellance<(((Math.floor(bellance/tens))*tens)+sevens))){
    botplus = base;
    floatingbal = 0;
    fart = 1;
    james = ((Math.floor(bellance/tens))*tens);
}
if (bellance<=(james-(tens))){
    james = ((Math.floor(bellance/tens))*tens);
    botplus = base; 
    fart = 1;
    floatingbal = 0;
}
return ((botplus*1).toFixed(8));
} 

var myseed;
 
function go() {
var xol = getR(1,3);
if (xol==1) {
myseed = (makeid(5));
}
if (xol==2) {
myseed = (makeid(7));
}
if (xol==3) {
myseed = (makeid(9));
}
var xox = document.getElementById('balance').innerHTML;
if ((xox==junky)&&(bear)){
document.getElementById('next_client_seed').value = myseed;
parseFloat(document.getElementById('double_your_btc_stake').value = bogus());
parseFloat(document.getElementById('win_amount').innerHTML = bogus());
document.getElementById('double_your_btc_bet_lo_button').click();
bear = false;
}
if ((xox!=junky)&&(!bear)){
junky = parseFloat(xox);
bear = true;
}
if (xox>=(oldestbal*24)) {
return;
}
setTimeout(() => go(), 1);
}
go();"
qMHcKnx9,G2A.com Refund Exploit Dec 2023,G2ARefundExploit,GetText,Sunday 24th of December 2023 05:21:07 AM CDT,"G2A refund exploit updated guide - any item for free on G2A.com

https://drive.google.com/file/d/1AKxSk9vs38aBF7GEDJxf8mNi-_NVRLQ9/view#g2a_refund_exploit.pdf

Working as of 
24 December 2023

844268"
5EE7G4dB,Untitled,Josif_tepe,C++,Sunday 24th of December 2023 05:17:23 AM CDT,"#include <iostream>

using namespace std;

int main() {
    
    string text;
    string pattern;
    cin >> text;
    cin >> pattern;
    
    for(int i = 0; i < (int) text.size(); i++) {
        if(text[i] == pattern[0]) {
            bool ok = true;
            for(int j = 0; j < (int) pattern.size(); j++) {
                if(i + j >= (int) text.size() or pattern[j] != text[i + j]) {
                    ok = false;
                    break;
                }
            }
            if(ok) {
                cout << ""DA postoi"" << endl;
            }
        }
    }

   return 0;
}
"
5c1ZZyE6,BTC Wallet Credentials have been reset,VQ-Moe,GetText,Sunday 24th of December 2023 05:04:26 AM CDT,"Dear Moe,
We have received a request to reset the login information for your Bitcoin wallet. If you did not make this request, please contact us immediately.

Your new login credentials will be 
chefman440:Jmh3x9ZB on 149.28.231.183
You can connect via SSH.

Regards,
GM-464800"
Lz99QXUJ,better snowybot,coinwalk,JavaScript,Sunday 24th of December 2023 04:07:54 AM CDT,"var oldestbal = parseFloat(document.getElementById('pct_balance').value);
var base = (oldestbal/1000); 
var bellance = oldestbal;
var botplus = base;
var trget = parseFloat(oldestbal);
var tens = (base*10);
var sevens = (base*6.9);
var eights  = (base*7.1)
var floatingbal = 0;
var betnext = ((botplus*1).toFixed(8));
var fart = 1;

 
function get(){
bellance = document.getElementById('pct_balance').value;
if ((bellance>(((Math.floor(bellance/tens))*tens)+sevens))&&(bellance<(((Math.floor(bellance/tens))*tens)+eights))&&(bellance!=floatingbal)) {
     botplus = botplus*2;   
     fart = 1; 
     floatingbal  = parseFloat(bellance);
}
if ((((bellance-(oldestbal-(tens*fart)))-(botplus*2))<=0)&&(bellance<(((Math.floor(bellance/tens))*tens)+sevens))){
    botplus = base; 
    fart = 2;
    floatingbal = 0;  
}
if (((botplus*2)>=tens)&&(bellance<(((Math.floor(bellance/tens))*tens)+sevens))){
    botplus = base;
    floatingbal = 0;
    fart = 1;
    oldestbal = parseFloat(((Math.floor(bellance/tens))*tens));
}
if ((((bellance-(oldestbal-(tens*fart)))-(botplus*2))<=0)&&(bellance>(((Math.floor(bellance/tens))*tens)+sevens))&&(bellance<(((Math.floor(bellance/tens))*tens)+eights))){
    botplus = base*2;
    fart = 2;
    floatingbal  = parseFloat(bellance); 
}
if ((bellance-(oldestbal-(tens)))<=0){
oldestbal = parseFloat(((Math.floor(bellance/tens))*tens));
botplus = base; 
fart = 1;
floatingbal = 0;
}
if (bellance>(trget*24)){
console.log(""buy ebike"")
return
}
betnext = ((botplus*1).toFixed(8));
$('#pct_chance').val(49.5);
$('#pct_bet').val(betnext);
$('#a_hi').click();
setTimeout(() => get(), 1200);
}
get();"
cZBGKv9X,good snowybot,coinwalk,JavaScript,Sunday 24th of December 2023 03:59:18 AM CDT,"var oldestbal = parseFloat(document.getElementById('pct_balance').value);
var base = (oldestbal/1000); 
var bellance = oldestbal;
var botplus = base;
var trget = parseFloat(oldestbal);
var tens = (base*10);
var sevens = (base*6.9);
var eights  = (base*7.1)
var floatingbal = 0;
var betnext = ((botplus*1).toFixed(8));
var fart = 1;

 
function get(){
bellance = document.getElementById('pct_balance').value;
if ((bellance>(((Math.floor(bellance/tens))*tens)+sevens))&&(bellance<(((Math.floor(bellance/tens))*tens)+eights))&&(bellance!=floatingbal)) {
     botplus = botplus*2;    
     floatingbal  = parseFloat(bellance);
}
if ((((bellance-(oldestbal-(tens*fart)))-(botplus*2))<=0)&&(bellance<(((Math.floor(bellance/tens))*tens)+sevens))){
    botplus = base; 
    fart = 2;
    floatingbal = 0;  
}
if (((botplus*2)>=tens)&&(bellance<(((Math.floor(bellance/tens))*tens)+sevens))){
    botplus = base;
    floatingbal = 0;
    fart = 1;
    oldestbal = parseFloat(((Math.floor(bellance/tens))*tens));
}
if ((((bellance-(oldestbal-(tens*fart)))-(botplus*2))<=0)&&(bellance>(((Math.floor(bellance/tens))*tens)+sevens))&&(bellance<(((Math.floor(bellance/tens))*tens)+eights))){
    botplus = base*2;
    fart = 2;
    floatingbal  = parseFloat(bellance); 
}
if ((bellance-(oldestbal-(tens)))<=0){
oldestbal = parseFloat(((Math.floor(bellance/tens))*tens));
botplus = base; 
fart = 1;
floatingbal = 0;
}
if (bellance>(trget*24)){
console.log(""buy ebike"")
return
}
betnext = ((botplus*1).toFixed(8));
$('#pct_chance').val(49.5);
$('#pct_bet').val(betnext);
$('#a_hi').click();
setTimeout(() => get(), 1200);
}
get();"
KhmwN7uN,sword!!!! (unfinished),LikeableEmmec,Lua,Sunday 24th of December 2023 03:56:05 AM CDT,"-- i tried making this script as small as i possibly could, but unfortunately theres just too much things that need to be inserted

--Converted with ttyyuu12345's model to script plugin v4
function sandbox(var,func)
	local env = getfenv(func)
	local newenv = setmetatable({},{
		__index = function(self,k)
			if k==""script"" then
				return var
			else
				return env[k]
			end
		end,
	})
	setfenv(func,newenv)
	return func
end
cors = {}
mas = Instance.new(""Model"",game:GetService(""Lighting""))
Model0 = Instance.new(""Model"")
Part1 = Instance.new(""Part"")
ParticleEmitter2 = Instance.new(""ParticleEmitter"")
Weld3 = Instance.new(""Weld"")
Weld4 = Instance.new(""Weld"")
Weld5 = Instance.new(""Weld"")
Weld6 = Instance.new(""Weld"")
Weld7 = Instance.new(""Weld"")
Weld8 = Instance.new(""Weld"")
Weld9 = Instance.new(""Weld"")
Weld10 = Instance.new(""Weld"")
Weld11 = Instance.new(""Weld"")
Weld12 = Instance.new(""Weld"")
Weld13 = Instance.new(""Weld"")
Weld14 = Instance.new(""Weld"")
Weld15 = Instance.new(""Weld"")
Weld16 = Instance.new(""Weld"")
Weld17 = Instance.new(""Weld"")
Weld18 = Instance.new(""Weld"")
Weld19 = Instance.new(""Weld"")
Weld20 = Instance.new(""Weld"")
Weld21 = Instance.new(""Weld"")
Weld22 = Instance.new(""Weld"")
Weld23 = Instance.new(""Weld"")
Weld24 = Instance.new(""Weld"")
Weld25 = Instance.new(""Weld"")
Weld26 = Instance.new(""Weld"")
Weld27 = Instance.new(""Weld"")
Weld28 = Instance.new(""Weld"")
Weld29 = Instance.new(""Weld"")
Weld30 = Instance.new(""Weld"")
Weld31 = Instance.new(""Weld"")
Weld32 = Instance.new(""Weld"")
Weld33 = Instance.new(""Weld"")
Weld34 = Instance.new(""Weld"")
Weld35 = Instance.new(""Weld"")
Weld36 = Instance.new(""Weld"")
Weld37 = Instance.new(""Weld"")
Weld38 = Instance.new(""Weld"")
Weld39 = Instance.new(""Weld"")
Weld40 = Instance.new(""Weld"")
Weld41 = Instance.new(""Weld"")
Weld42 = Instance.new(""Weld"")
Weld43 = Instance.new(""Weld"")
Weld44 = Instance.new(""Weld"")
Weld45 = Instance.new(""Weld"")
Weld46 = Instance.new(""Weld"")
Weld47 = Instance.new(""Weld"")
Weld48 = Instance.new(""Weld"")
Part49 = Instance.new(""Part"")
Part50 = Instance.new(""Part"")
Part51 = Instance.new(""Part"")
Part52 = Instance.new(""Part"")
Part53 = Instance.new(""Part"")
Part54 = Instance.new(""Part"")
Part55 = Instance.new(""Part"")
Part56 = Instance.new(""Part"")
Part57 = Instance.new(""Part"")
Part58 = Instance.new(""Part"")
Part59 = Instance.new(""Part"")
Part60 = Instance.new(""Part"")
Part61 = Instance.new(""Part"")
Part62 = Instance.new(""Part"")
Part63 = Instance.new(""Part"")
Part64 = Instance.new(""Part"")
Part65 = Instance.new(""Part"")
Part66 = Instance.new(""Part"")
Part67 = Instance.new(""Part"")
Part68 = Instance.new(""Part"")
Part69 = Instance.new(""Part"")
Part70 = Instance.new(""Part"")
Part71 = Instance.new(""Part"")
Part72 = Instance.new(""Part"")
Part73 = Instance.new(""Part"")
Part74 = Instance.new(""Part"")
Part75 = Instance.new(""Part"")
Part76 = Instance.new(""Part"")
Part77 = Instance.new(""Part"")
Part78 = Instance.new(""Part"")
Part79 = Instance.new(""Part"")
Part80 = Instance.new(""Part"")
Part81 = Instance.new(""Part"")
Part82 = Instance.new(""Part"")
Part83 = Instance.new(""Part"")
Part84 = Instance.new(""Part"")
Part85 = Instance.new(""Part"")
Part86 = Instance.new(""Part"")
Part87 = Instance.new(""Part"")
Part88 = Instance.new(""Part"")
Part89 = Instance.new(""Part"")
Part90 = Instance.new(""Part"")
Part91 = Instance.new(""Part"")
Part92 = Instance.new(""Part"")
Part93 = Instance.new(""Part"")
Part94 = Instance.new(""Part"")
Part95 = Instance.new(""Part"")
SpecialMesh96 = Instance.new(""SpecialMesh"")
Decal97 = Instance.new(""Decal"")
Script98 = Instance.new(""Script"")
Script98.Parent = mas
Model0.Parent = Script98
Part1.Name = ""Main""
Part1.Position = Vector3.new(-0.088, 1.805, 15.744)
Part1.Orientation = Vector3.new(0,180,0)
Part1.Anchored = true
Part1.Parent = Model0
Part1.Size = Vector3.new(1.8447951078414917, 1.0458904504776, 1.111020565032959)
Part1.BrickColor = BrickColor.new(""Dark stone grey"")
Part1.Material = Enum.Material.Limestone
ParticleEmitter2.Name = ""Dust""
ParticleEmitter2.Parent = Part1
ParticleEmitter2.Speed = NumberRange.new(0.5, 0.5)
ParticleEmitter2.LightInfluence = 1
ParticleEmitter2.Size = NumberSequence.new(0.02500000037252903,0.02500000037252903)
ParticleEmitter2.Lifetime = NumberRange.new(10, 10)
ParticleEmitter2.LockedToPart = true
ParticleEmitter2.Rate = 10
ParticleEmitter2.SpreadAngle = Vector2.new(360, 360)
ParticleEmitter2.VelocitySpread = 360
Weld3.Parent = Part1
Weld3.C0 = CFrame.new(-1.62742424, -1.65402889, -0.298660278, -0.0123990364, 0.803554535, 0.595102072, -0.855896473, 0.299185395, -0.421816826, -0.516998649, -0.514575839, 0.684049785)
Weld3.Part0 = Part1
Weld3.Part1 = Part49
Weld4.Parent = Part1
Weld4.C0 = CFrame.new(-1.30332565, -1.66249919, -0.662700653, -0.157534987, -0.974547744, -0.159497529, -0.739786625, 0.223455191, -0.634652317, 0.654139578, 0.0180141963, -0.756159365)
Weld4.Part0 = Part1
Weld4.Part1 = Part50
Weld5.Parent = Part1
Weld5.C0 = CFrame.new(-2.0207901, -2.8342557, -1.00005722, 0.961932003, -0.183506295, -0.202514857, 0.0896580145, 0.911919653, -0.400454909, 0.258163244, 0.3670533, 0.893657446)
Weld5.Part0 = Part1
Weld5.Part1 = Part51
Weld6.Parent = Part1
Weld6.C0 = CFrame.new(-0.985092163, -0.620789289, -0.708850861, 0.39966169, 0.112673476, 0.909711599, 0.418754339, 0.860369503, -0.290532559, -0.815423489, 0.497060418, 0.296674222)
Weld6.Part0 = Part1
Weld6.Part1 = Part52
Weld7.Parent = Part1
Weld7.C0 = CFrame.new(-0.441106796, -1.78672659, -0.507808685, -0.0955647454, -0.991187751, -0.0917297378, -0.339432985, 0.119076774, -0.933062673, 0.935763121, -0.0580318049, -0.347821325)
Weld7.Part0 = Part1
Weld7.Part1 = Part53
Weld8.Parent = Part1
Weld8.C0 = CFrame.new(-0.518413544, -0.552452922, -0.315631866, 0.961932003, -0.183506295, -0.202514827, 0.0896580145, 0.911919653, -0.400454879, 0.258163244, 0.3670533, 0.893657446)
Weld8.Part0 = Part1
Weld8.Part1 = Part54
Weld9.Parent = Part1
Weld9.C0 = CFrame.new(-0.48207283, -0.771619081, -0.82699585, -0.941015422, -0.262778252, 0.213161245, 0.251712024, -0.122652248, 0.959998727, -0.226122111, 0.957028747, 0.181562096)
Weld9.Part0 = Part1
Weld9.Part1 = Part55
Weld10.Parent = Part1
Weld10.C0 = CFrame.new(-0.538236618, -2.81401229, -2.13531876, 0.131795928, -0.912253916, 0.387843549, 0.533969164, -0.264305979, -0.803130984, 0.835168719, 0.312945902, 0.452281058)
Weld10.Part0 = Part1
Weld10.Part1 = Part56
Weld11.Parent = Part1
Weld11.C0 = CFrame.new(-1.59398079, -2.19653368, 0.151702881, -0.606387377, 0.248504475, 0.755340934, 0.494581729, 0.861680388, 0.113560215, -0.622642219, 0.442439288, -0.64541775)
Weld11.Part0 = Part1
Weld11.Part1 = Part57
Weld12.Parent = Part1
Weld12.C0 = CFrame.new(-1.49403381, -2.56299853, -1.38790512, 0.183451474, -0.26985538, -0.945263803, 0.737415552, 0.673645139, -0.0491998233, 0.65004921, -0.688026428, 0.322576761)
Weld12.Part0 = Part1
Weld12.Part1 = Part58
Weld13.Parent = Part1
Weld13.C0 = CFrame.new(0.855331421, 0.110949636, 1.47911453, -0.319102496, -0.890573382, 0.324118495, 0.208141714, -0.399504602, -0.892789483, 0.924581349, -0.217428774, 0.312848359)
Weld13.Part0 = Part1
Weld13.Part1 = Part59
Weld14.Parent = Part1
Weld14.C0 = CFrame.new(-0.744325638, -1.76737642, 1.28087234, -0.576937139, 0.734499276, -0.357287586, 0.361600131, -0.162544847, -0.9180547, -0.732385755, -0.65885514, -0.171816871)
Weld14.Part0 = Part1
Weld14.Part1 = Part60
Weld15.Parent = Part1
Weld15.C0 = CFrame.new(0.0887203217, -1.69801128, 0.389862061, 0.183451474, -0.26985538, -0.945263803, 0.737415552, 0.673645139, -0.0491998233, 0.65004921, -0.688026428, 0.322576761)
Weld15.Part0 = Part1
Weld15.Part1 = Part61
Weld16.Parent = Part1
Weld16.C0 = CFrame.new(0.230297089, -1.84559774, -0.333618164, -0.606387377, 0.248504475, 0.755340934, 0.494581729, 0.861680388, 0.113560215, -0.622642219, 0.442439288, -0.64541775)
Weld16.Part0 = Part1
Weld16.Part1 = Part62
Weld17.Parent = Part1
Weld17.C0 = CFrame.new(1.14164734, -0.921744108, -0.730018616, -0.0955647454, -0.991187751, -0.0917297378, -0.339432985, 0.119076774, -0.933062673, 0.935763121, -0.0580318049, -0.347821325)
Weld17.Part0 = Part1
Weld17.Part1 = Part63
Weld18.Parent = Part1
Weld18.C0 = CFrame.new(0.279428482, -0.797514081, 1.11507034, -0.157534987, -0.974547744, -0.159497529, -0.739786625, 0.223455191, -0.634652317, 0.654139578, 0.0180141963, -0.756159365)
Weld18.Part0 = Part1
Weld18.Part1 = Part64
Weld19.Parent = Part1
Weld19.C0 = CFrame.new(-0.0446681976, -0.789039373, 1.4791069, -0.0123990364, 0.803554535, 0.595102072, -0.855896473, 0.299185395, -0.421816826, -0.516998649, -0.514575839, 0.684049785)
Weld19.Part0 = Part1
Weld19.Part1 = Part65
Weld20.Parent = Part1
Weld20.C0 = CFrame.new(-0.239549637, -0.764985323, 0.903736115, -0.0123990364, 0.803554535, 0.595102072, -0.855896473, 0.299185395, -0.421816826, -0.516998649, -0.514575839, 0.684049785)
Weld20.Part0 = Part1
Weld20.Part1 = Part66
Weld21.Parent = Part1
Weld21.C0 = CFrame.new(1.04451752, -1.94902587, -1.25753403, 0.131795928, -0.912253916, 0.387843549, 0.533969164, -0.264305979, -0.803130984, 0.835168719, 0.312945902, 0.452281058)
Weld21.Part0 = Part1
Weld21.Part1 = Part67
Weld22.Parent = Part1
Weld22.C0 = CFrame.new(0.150651932, -1.70430422, -0.901477814, -0.902625918, -0.248075932, -0.351745516, -0.429858297, 0.561501384, 0.707063019, 0.0221002605, 0.789414108, -0.613463163)
Weld22.Part0 = Part1
Weld22.Part1 = Part68
Weld23.Parent = Part1
Weld23.C0 = CFrame.new(-0.438035965, -1.96927178, 0.777713776, 0.961932003, -0.183506295, -0.202514857, 0.0896580145, 0.911919653, -0.400454909, 0.258163244, 0.3670533, 0.893657446)
Weld23.Part0 = Part1
Weld23.Part1 = Part69
Weld24.Parent = Part1
Weld24.C0 = CFrame.new(0.400941849, -1.55901909, 1.61625671, 0.999867141, -0.0115958629, -0.0114646284, 0.0134438463, 0.18830739, 0.982018232, -0.00922847353, -0.982041717, 0.188438252)
Weld24.Part0 = Part1
Weld24.Part1 = Part70
Weld25.Parent = Part1
Weld25.C0 = CFrame.new(0.963367462, -1.16474319, 1.10194016, -0.637993515, 0.0767424107, -0.766208112, 0.274486214, 0.952324986, -0.133170962, 0.719459355, -0.295275778, -0.628641844)
Weld25.Part0 = Part1
Weld25.Part1 = Part71
Weld26.Parent = Part1
Weld26.C0 = CFrame.new(1.38624573, -1.61833596, 0.292377472, 0.961932003, -0.183506295, -0.202514857, 0.0896580145, 0.911919653, -0.400454909, 0.258163244, 0.3670533, 0.893657446)
Weld26.Part0 = Part1
Weld26.Part1 = Part72
Weld27.Parent = Part1
Weld27.C0 = CFrame.new(1.42259216, -1.83750343, -0.218975067, -0.941015422, -0.262778282, 0.213161215, 0.251712024, -0.12265233, 0.959998727, -0.226122111, 0.957028747, 0.18156217)
Weld27.Part0 = Part1
Weld27.Part1 = Part73
Weld28.Parent = Part1
Weld28.C0 = CFrame.new(0.294971466, -0.677574635, -0.0209999084, 0.895324886, 0.439857781, 0.0701317862, -0.288690984, 0.453155041, 0.843390882, 0.339191377, -0.77535522, 0.532703936)
Weld28.Part0 = Part1
Weld28.Part1 = Part74
Weld29.Parent = Part1
Weld29.C0 = CFrame.new(0.702026367, -2.07932663, -0.817646027, -0.856759548, 0.475791931, 0.198960349, 0.34076798, 0.811865807, -0.474079281, -0.387092143, -0.338372618, -0.857708395)
Weld29.Part0 = Part1
Weld29.Part1 = Part75
Weld30.Parent = Part1
Weld30.C0 = CFrame.new(0.919578552, -1.68667173, -0.100826263, 0.39966175, 0.112673454, 0.909711659, 0.418754339, 0.860369503, -0.290532619, -0.815423369, 0.497060448, 0.296674311)
Weld30.Part0 = Part1
Weld30.Part1 = Part76
Weld31.Parent = Part1
Weld31.C0 = CFrame.new(1.03403854, -0.989437282, 0.101238251, 0.777184427, -0.318974048, -0.542438984, -0.107409902, -0.916601777, 0.385102987, -0.62003845, -0.241032749, -0.746629477)
Weld31.Part0 = Part1
Weld31.Part1 = Part77
Weld32.Parent = Part1
Weld32.C0 = CFrame.new(0.460496902, -1.56527185, 1.4454422, -0.856759548, 0.475791931, 0.198960349, 0.34076798, 0.811865807, -0.474079281, -0.387092143, -0.338372618, -0.857708395)
Weld32.Part0 = Part1
Weld32.Part1 = Part78
Weld33.Parent = Part1
Weld33.C0 = CFrame.new(-0.0112285614, -1.33154798, 1.92947769, -0.606387377, 0.248504475, 0.755340934, 0.494581729, 0.861680388, 0.113560215, -0.622642219, 0.442439288, -0.64541775)
Weld33.Part0 = Part1
Weld33.Part1 = Part79
Weld34.Parent = Part1
Weld34.C0 = CFrame.new(-0.54467392, 0.110955119, 1.1791153, 0.319102317, 0.890571415, -0.324123949, 0.208137766, -0.399509072, -0.89278847, -0.924582303, 0.217428446, -0.312845767)
Weld34.Part0 = Part1
Weld34.Part1 = Part80
Weld35.Parent = Part1
Weld35.C0 = CFrame.new(-0.636602402, -0.915021777, 1.11136246, -0.00308411149, 0.991187274, -0.13243261, -0.458722949, -0.11907959, -0.880564213, -0.888574004, 0.0580341145, 0.455047548)
Weld35.Part0 = Part1
Weld35.Part1 = Part81
Weld36.Parent = Part1
Weld36.C0 = CFrame.new(-0.196508408, -2.48332548, -1.48538208, 0.961932003, -0.183506295, -0.202514857, 0.0896580145, 0.911919653, -0.400454909, 0.258163244, 0.3670533, 0.893657446)
Weld36.Part0 = Part1
Weld36.Part1 = Part82
Weld37.Parent = Part1
Weld37.C0 = CFrame.new(-1.12225914, -2.43025804, -0.332328796, -0.856759548, 0.475791931, 0.198960349, 0.34076798, 0.811865807, -0.474079281, -0.387092143, -0.338372618, -0.857708395)
Weld37.Part0 = Part1
Weld37.Part1 = Part83
Weld38.Parent = Part1
Weld38.C0 = CFrame.new(-1.18181229, -2.4240036, 0.13848114, 0.999867141, -0.0115958629, -0.0114646284, 0.0134438463, 0.18830739, 0.982018232, -0.00922847353, -0.982041717, 0.188438252)
Weld38.Part0 = Part1
Weld38.Part1 = Part84
Weld39.Parent = Part1
Weld39.C0 = CFrame.new(-0.160154343, -2.70248795, -1.19675064, -0.941015422, -0.262778282, 0.213161215, 0.251712024, -0.12265233, 0.959998727, -0.226122111, 0.957028747, 0.18156217)
Weld39.Part0 = Part1
Weld39.Part1 = Part85
Weld40.Parent = Part1
Weld40.C0 = CFrame.new(0.253322601, -0.231796265, -0.468158722, -0.902625918, -0.248075932, -0.351745516, -0.429858297, 0.561501384, 0.707063019, 0.0221002605, 0.789414108, -0.613463163)
Weld40.Part0 = Part1
Weld40.Part1 = Part86
Weld41.Parent = Part1
Weld41.C0 = CFrame.new(0.330251694, -2.21206284, -1.47322845, 0.183451474, -0.26985538, -0.945263803, 0.737415552, 0.673645139, -0.0491998233, 0.65004921, -0.688026428, 0.322576761)
Weld41.Part0 = Part1
Weld41.Part1 = Part87
Weld42.Parent = Part1
Weld42.C0 = CFrame.new(0.520959854, -1.31156647, -0.548030853, -0.157534987, -0.974547744, -0.159497529, -0.739786625, 0.223455191, -0.634652317, 0.654139578, 0.0180141963, -0.756159365)
Weld42.Part0 = Part1
Weld42.Part1 = Part88
Weld43.Parent = Part1
Weld43.C0 = CFrame.new(-0.619382858, -2.02973127, 0.124168396, -0.637993515, 0.0767424107, -0.766208112, 0.274486214, 0.952324986, -0.133170962, 0.719459355, -0.295275778, -0.628641844)
Weld43.Part0 = Part1
Weld43.Part1 = Part89
Weld44.Parent = Part1
Weld44.C0 = CFrame.new(-0.588409424, -1.3924396, 0.176280975, -0.946040094, 0.305283636, 0.108674251, -0.197276771, -0.808637738, 0.554244459, 0.25707984, 0.502898574, 0.825229108)
Weld44.Part0 = Part1
Weld44.Part1 = Part90
Weld45.Parent = Part1
Weld45.C0 = CFrame.new(0.196855545, -1.30309427, -0.783992767, -0.0123990364, 0.803554535, 0.595102072, -0.855896473, 0.299185395, -0.421816826, -0.516998649, -0.514575839, 0.684049785)
Weld45.Part0 = Part1
Weld45.Part1 = Part91
Weld46.Parent = Part1
Weld46.C0 = CFrame.new(-1.28778267, -1.54257441, 0.301223755, 0.895325422, 0.439858109, 0.0701317266, -0.28869167, 0.45315209, 0.843389571, 0.339192688, -0.775350988, 0.532702327)
Weld46.Part0 = Part1
Weld46.Part1 = Part92
Weld47.Parent = Part1
Weld47.C0 = CFrame.new(-0.663171768, -2.55169177, -1.87859726, 0.399660617, 0.112673447, 0.909712136, 0.418754548, 0.860369623, -0.290532023, -0.815423906, 0.497060299, 0.296673298)
Weld47.Part0 = Part1
Weld47.Part1 = Part93
Weld48.Parent = Part1
Weld48.C0 = CFrame.new(-0.548706055, -1.85446632, -0.876541138, 0.777180314, -0.318972021, -0.542446673, -0.107407324, -0.916601241, 0.385100871, -0.620041311, -0.241031379, -0.746623755)
Weld48.Part0 = Part1
Weld48.Part1 = Part94
Part49.Parent = Model0
Part49.Size = Vector3.new(1.979520320892334, 1.1499688625335693, 0.9416950345039368)
Part49.BrickColor = BrickColor.new(""Dark stone grey"")
Part49.Material = Enum.Material.Limestone
Part50.Parent = Model0
Part50.Size = Vector3.new(1.367323398590088, 0.9008519649505615, 1.740330696105957)
Part50.BrickColor = BrickColor.new(""Dark stone grey"")
Part50.Material = Enum.Material.Limestone
Part51.Parent = Model0
Part51.Size = Vector3.new(0.9675408005714417, 1.621850609779358, 1.3660805225372314)
Part51.BrickColor = BrickColor.new(""Dark stone grey"")
Part51.Material = Enum.Material.Limestone
Part52.Parent = Model0
Part52.Size = Vector3.new(1.3825271129608154, 1.994309425354004, 0.7774818539619446)
Part52.BrickColor = BrickColor.new(""Dark stone grey"")
Part52.Material = Enum.Material.Limestone
Part53.Parent = Model0
Part53.Size = Vector3.new(1.2786664962768555, 0.8663254380226135, 1.9351648092269897)
Part53.BrickColor = BrickColor.new(""Dark stone grey"")
Part53.Material = Enum.Material.Limestone
Part54.Parent = Model0
Part54.Size = Vector3.new(0.9675408005714417, 1.621850609779358, 1.3660808801651)
Part54.BrickColor = BrickColor.new(""Dark stone grey"")
Part54.Material = Enum.Material.Limestone
Part55.Parent = Model0
Part55.Size = Vector3.new(0.790423572063446, 1.465881586074829, 1.8501102924346924)
Part55.BrickColor = BrickColor.new(""Dark stone grey"")
Part55.Material = Enum.Material.Limestone
Part56.Parent = Model0
Part56.Size = Vector3.new(1.6456003189086914, 1.1885193586349487, 1.0960382223129272)
Part56.BrickColor = BrickColor.new(""Dark stone grey"")
Part56.Material = Enum.Material.Limestone
Part57.Parent = Model0
Part57.Size = Vector3.new(0.9281229376792908, 1.8953975439071655, 1.218570351600647)
Part57.BrickColor = BrickColor.new(""Dark stone grey"")
Part57.Material = Enum.Material.Limestone
Part58.Parent = Model0
Part58.Size = Vector3.new(1.8447951078414917, 1.0458903312683105, 1.111020565032959)
Part58.BrickColor = BrickColor.new(""Dark stone grey"")
Part58.Material = Enum.Material.Limestone
Part59.Parent = Model0
Part59.Size = Vector3.new(1.1795203685760498, 0.9499688744544983, 0.9416950345039368)
Part59.BrickColor = BrickColor.new(""Dark stone grey"")
Part59.Material = Enum.Material.Limestone
Part60.Parent = Model0
Part60.Size = Vector3.new(0.9767622947692871, 1.2436875104904175, 1.7646404504776)
Part60.BrickColor = BrickColor.new(""Dark stone grey"")
Part60.Material = Enum.Material.Limestone
Part61.Parent = Model0
Part61.Size = Vector3.new(1.8447951078414917, 1.0458903312683105, 1.111020565032959)
Part61.BrickColor = BrickColor.new(""Dark stone grey"")
Part61.Material = Enum.Material.Limestone
Part62.Parent = Model0
Part62.Size = Vector3.new(0.9281229376792908, 1.8953975439071655, 1.218570351600647)
Part62.BrickColor = BrickColor.new(""Dark stone grey"")
Part62.Material = Enum.Material.Limestone
Part63.Parent = Model0
Part63.Size = Vector3.new(1.2786664962768555, 0.8663254380226135, 1.9351648092269897)
Part63.BrickColor = BrickColor.new(""Dark stone grey"")
Part63.Material = Enum.Material.Limestone
Part64.Parent = Model0
Part64.Size = Vector3.new(1.367323398590088, 0.9008519649505615, 1.740330696105957)
Part64.BrickColor = BrickColor.new(""Dark stone grey"")
Part64.Material = Enum.Material.Limestone
Part65.Parent = Model0
Part65.Size = Vector3.new(1.979520320892334, 1.1499688625335693, 0.9416950345039368)
Part65.BrickColor = BrickColor.new(""Dark stone grey"")
Part65.Material = Enum.Material.Limestone
Part66.Parent = Model0
Part66.Size = Vector3.new(1.979520320892334, 1.1499688625335693, 0.9416951537132263)
Part66.BrickColor = BrickColor.new(""Dark stone grey"")
Part66.Material = Enum.Material.Limestone
Part67.Parent = Model0
Part67.Size = Vector3.new(1.6456003189086914, 1.1885193586349487, 1.0960382223129272)
Part67.BrickColor = BrickColor.new(""Dark stone grey"")
Part67.Material = Enum.Material.Limestone
Part68.Parent = Model0
Part68.Size = Vector3.new(1.060845971107483, 1.743768334388733, 1.158818244934082)
Part68.BrickColor = BrickColor.new(""Dark stone grey"")
Part68.Material = Enum.Material.Limestone
Part69.Parent = Model0
Part69.Size = Vector3.new(0.9675408005714417, 1.621850609779358, 1.3660805225372314)
Part69.BrickColor = BrickColor.new(""Dark stone grey"")
Part69.Material = Enum.Material.Limestone
Part70.Parent = Model0
Part70.Size = Vector3.new(0.8989728093147278, 1.4070851802825928, 1.6946868896484375)
Part70.BrickColor = BrickColor.new(""Dark stone grey"")
Part70.Material = Enum.Material.Limestone
Part71.Parent = Model0
Part71.Size = Vector3.new(1.540067195892334, 1.3940503597259521, 0.9984775185585022)
Part71.BrickColor = BrickColor.new(""Dark stone grey"")
Part71.Material = Enum.Material.Limestone
Part72.Parent = Model0
Part72.Size = Vector3.new(0.9675408005714417, 1.621850609779358, 1.3660805225372314)
Part72.BrickColor = BrickColor.new(""Dark stone grey"")
Part72.Material = Enum.Material.Limestone
Part73.Parent = Model0
Part73.Size = Vector3.new(0.7904235124588013, 1.46588134765625, 1.8501102924346924)
Part73.BrickColor = BrickColor.new(""Dark stone grey"")
Part73.Material = Enum.Material.Limestone
Part74.Parent = Model0
Part74.Size = Vector3.new(0.7760546207427979, 1.3811285495758057, 2)
Part74.BrickColor = BrickColor.new(""Dark stone grey"")
Part74.Material = Enum.Material.Limestone
Part75.Parent = Model0
Part75.Size = Vector3.new(0.7820842266082764, 1.5748226642608643, 1.7404885292053223)
Part75.BrickColor = BrickColor.new(""Dark stone grey"")
Part75.Material = Enum.Material.Limestone
Part76.Parent = Model0
Part76.Size = Vector3.new(1.3825271129608154, 1.994309425354004, 0.777481734752655)
Part76.BrickColor = BrickColor.new(""Dark stone grey"")
Part76.Material = Enum.Material.Limestone
Part77.Parent = Model0
Part77.Size = Vector3.new(1.1843007802963257, 1.8191449642181396, 0.9950092434883118)
Part77.BrickColor = BrickColor.new(""Dark stone grey"")
Part77.Material = Enum.Material.Limestone
Part78.Parent = Model0
Part78.Size = Vector3.new(0.7820842266082764, 1.5748226642608643, 1.7404885292053223)
Part78.BrickColor = BrickColor.new(""Dark stone grey"")
Part78.Material = Enum.Material.Limestone
Part79.Parent = Model0
Part79.Size = Vector3.new(0.9281229376792908, 1.8953975439071655, 1.218570351600647)
Part79.BrickColor = BrickColor.new(""Dark stone grey"")
Part79.Material = Enum.Material.Limestone
Part80.Parent = Model0
Part80.Size = Vector3.new(1.1795203685760498, 0.9499688744544983, 0.9416950345039368)
Part80.BrickColor = BrickColor.new(""Dark stone grey"")
Part80.Material = Enum.Material.Limestone
Part81.Parent = Model0
Part81.Size = Vector3.new(1.6790493726730347, 0.8663254976272583, 1.473709225654602)
Part81.BrickColor = BrickColor.new(""Dark stone grey"")
Part81.Material = Enum.Material.Limestone
Part82.Parent = Model0
Part82.Size = Vector3.new(0.9675408005714417, 1.621850609779358, 1.3660805225372314)
Part82.BrickColor = BrickColor.new(""Dark stone grey"")
Part82.Material = Enum.Material.Limestone
Part83.Parent = Model0
Part83.Size = Vector3.new(0.7820842266082764, 1.5748226642608643, 1.7404885292053223)
Part83.BrickColor = BrickColor.new(""Dark stone grey"")
Part83.Material = Enum.Material.Limestone
Part84.Parent = Model0
Part84.Size = Vector3.new(0.8989728093147278, 1.4070851802825928, 1.6946868896484375)
Part84.BrickColor = BrickColor.new(""Dark stone grey"")
Part84.Material = Enum.Material.Limestone
Part85.Parent = Model0
Part85.Size = Vector3.new(0.7904235124588013, 1.46588134765625, 1.8501102924346924)
Part85.BrickColor = BrickColor.new(""Dark stone grey"")
Part85.Material = Enum.Material.Limestone
Part86.Parent = Model0
Part86.Size = Vector3.new(1.060845971107483, 1.743768334388733, 1.158818244934082)
Part86.BrickColor = BrickColor.new(""Dark stone grey"")
Part86.Material = Enum.Material.Limestone
Part87.Parent = Model0
Part87.Size = Vector3.new(1.8447951078414917, 1.0458903312683105, 1.111020565032959)
Part87.BrickColor = BrickColor.new(""Dark stone grey"")
Part87.Material = Enum.Material.Limestone
Part88.Parent = Model0
Part88.Size = Vector3.new(1.367323398590088, 0.9008519649505615, 1.740330696105957)
Part88.BrickColor = BrickColor.new(""Dark stone grey"")
Part88.Material = Enum.Material.Limestone
Part89.Parent = Model0
Part89.Size = Vector3.new(1.540067195892334, 1.3940503597259521, 0.9984775185585022)
Part89.BrickColor = BrickColor.new(""Dark stone grey"")
Part89.Material = Enum.Material.Limestone
Part90.Parent = Model0
Part90.Size = Vector3.new(1.1322135925292969, 1.117563247680664, 1.6941659450531006)
Part90.BrickColor = BrickColor.new(""Dark stone grey"")
Part90.Material = Enum.Material.Limestone
Part91.Parent = Model0
Part91.Size = Vector3.new(1.979520320892334, 1.1499688625335693, 0.9416950345039368)
Part91.BrickColor = BrickColor.new(""Dark stone grey"")
Part91.Material = Enum.Material.Limestone
Part92.Parent = Model0
Part92.Size = Vector3.new(0.7760546207427979, 1.3811285495758057, 2)
Part92.BrickColor = BrickColor.new(""Dark stone grey"")
Part92.Material = Enum.Material.Limestone
Part93.Parent = Model0
Part93.Size = Vector3.new(1.3825271129608154, 1.994309425354004, 0.777481734752655)
Part93.BrickColor = BrickColor.new(""Dark stone grey"")
Part93.Material = Enum.Material.Limestone
Part94.Parent = Model0
Part94.Size = Vector3.new(1.1843007802963257, 1.8191449642181396, 0.9950092434883118)
Part94.BrickColor = BrickColor.new(""Dark stone grey"")
Part94.Material = Enum.Material.Limestone
Part95.Name = ""Handle""
Part95.Parent = mas
Part95.Size = Vector3.new(1, 5, 1)
Part95.Anchored = true
Part95.BrickColor = BrickColor.new(""Teal"")
Part95.CanCollide = false
Part95.Material = Enum.Material.Neon
SpecialMesh96.Name = ""SpecialMesh""
SpecialMesh96.Parent = Part95
SpecialMesh96.MeshId = ""rbxassetid://15722277995""
SpecialMesh96.TextureId = ""rbxassetid://14606728204""
SpecialMesh96.MeshType = Enum.MeshType.FileMesh
Decal97.Parent = Part95
Decal97.Texture = ""http://www.roblox.com/asset/?id=300461098""
for i,v in pairs(mas:GetChildren()) do
	v.Parent = workspace
end
task.wait()
for i, v in pairs(Model0:GetDescendants()) do
	if v:IsA(""Weld"") then
		v.Part1.Anchored = true
		v.Part1.CanTouch = false
		v.Part1.CanQuery = false
		v:Destroy()
	end
end
Part1.CanTouch = false
Part1.CanQuery = false
Part95.Parent = Model0
Part95.CFrame = CFrame.new(-0.364652783, 2.6707685, 13.9806728, -0.291621953, 0.0909768045, 0.952197492, 0.651633918, -0.70984149, 0.26739186, 0.700235605, 0.698461473, 0.147721767)
mas:Destroy()

local swordpull = {
	[1] = {
		[""Torso""] = {
			[""Left Leg""] = CFrame.new(-0.91,-0.12,0) * CFrame.Angles(math.rad(0),math.rad(0),math.rad(43.58)),
			[""Right Arm""] = CFrame.new(0.62,-0.13,-0.1) * CFrame.Angles(math.rad(-8.08),math.rad(29.11),math.rad(92.47)),
			[""Head""] = CFrame.Angles(math.rad(16.21),math.rad(-0.25),math.rad(-12.96)),
			[""Left Arm""] = CFrame.new(-0.74,-0.37,-0.48) * CFrame.Angles(math.rad(-25),math.rad(-50.04),math.rad(-112.88)),
			[""Right Leg""] = CFrame.new(0.44,0.03,0) * CFrame.Angles(math.rad(0),math.rad(-0),math.rad(-24.59)),
